M010176A	1976/01/01	01:29:39.6	-29.25	-176.96	 47.8	6.2 	0.0 	7.25363859485	202 	30 	  93	 18 	60 	  88
C010576A	1976/01/05	02:31:36.3	-13.42	 -75.14	 85.4	6.0 	0.0 	5.65242613998	350 	28 	 -60	137 	66 	-105
C010676A	1976/01/06	21:08:19.3	 51.45	 159.50	 15.0	5.7 	6.0 	6.13111012684	206 	18 	  78	 39 	73 	  94
C010976A	1976/01/09	23:54:35.6	-15.97	 167.81	173.7	6.1 	0.0 	6.30740092243	246 	22 	 -86	 62 	68 	 -91
C011376A	1976/01/13	13:29:19.5	 66.33	 -16.29	 15.0	6.0 	6.4 	6.27900929325	127 	82 	 173	218 	83 	   9
M011476A	1976/01/14	15:56:34.9	-29.69	-177.04	 46.7	6.3 	0.0 	7.78639766084	200 	26 	  95	 15 	64 	  88
M011476B	1976/01/14	16:47:33.5	-28.72	-176.75	 17.7	6.5 	8.0 	7.87516886911	189 	11 	  71	 28 	80 	  93
B011476C	1976/01/14	22:43:43.1	-28.61	-176.62	 15.0	5.5 	6.3 	6.37137056857	197 	17 	  97	 10 	73 	  88
B011576A	1976/01/15	06:06:46.1	-30.25	-176.63	 15.0	5.3 	6.2 	6.12817071424	196 	26 	  91	 15 	64 	  89
B011576B	1976/01/15	16:12:22.3	-30.25	-176.99	 15.0	5.1 	6.1 	5.92241752475	180 	10 	  73	 17 	80 	  93
M012176A	1976/01/21	10:05:24.1	 44.58	 149.49	 26.5	6.3 	7.0 	7.15965203158	237 	16 	 116	 30 	76 	  83
C012376A	1976/01/23	05:45:30.5	 -7.37	 120.07	623.1	6.4 	0.0 	6.73243805797	233 	38 	 -96	 61 	53 	 -85
C012476A	1976/01/24	21:48:25.9	-28.79	-177.17	 60.2	6.2 	0.0 	6.20549331021	196 	37 	  89	 17 	53 	  90
B012676A	1976/01/26	19:01:38.6	-28.27	-177.18	 62.0	6.0 	0.0 	5.3358691473	253 	18 	 146	 16 	80 	  75
C020376A	1976/02/03	23:57:54.9	 54.25	 162.16	 48.0	6.0 	5.2 	5.81824618204	257 	27 	 133	 31 	70 	  71
M020476A	1976/02/04	09:01:43.4	 15.14	 -89.78	 16.3	6.2 	7.5 	7.47308677828	254 	73 	 -10	347 	80 	-162
B020676A	1976/02/06	16:53:50.5	 -6.04	 146.10	 29.5	6.0 	5.6 	5.98149993174	357 	 6 	 140	128 	86 	  85
C021476A	1976/02/14	03:10:37.3	-57.22	 -64.94	 16.9	6.0 	5.7 	5.8353930199	345 	37 	 107	145 	54 	  78
C021576A	1976/02/15	01:54:23.1	 13.12	 126.02	 15.6	6.1 	6.1 	6.47393618711	322 	39 	 -73	121 	53 	-104
C021576B	1976/02/15	21:23:22.6	-28.52	-176.47	 15.0	5.5 	6.2 	6.0468411436	204 	17 	  96	 18 	73 	  88
C022276A	1976/02/22	05:11:07.9	 -3.44	 145.61	 25.3	5.1 	6.0 	5.48147952982	272 	88 	  -1	  2 	89 	-178
C022376A	1976/02/23	15:14:16.0	 51.63	-130.93	 22.5	5.6 	6.0 	5.97126990089	263 	79 	 -10	355 	80 	-169
C022876A	1976/02/28	16:27:09.0	-40.30	 -75.57	 15.0	6.0 	5.5 	5.91541856907	 13 	45 	 -85	187 	45 	 -95
C030376A	1976/03/03	22:50:10.0	 -8.47	 121.69	 38.7	6.0 	5.0 	5.65622081625	 68 	36 	  83	257 	54 	  95
C030476A	1976/03/04	02:50:00.5	-14.91	 166.95	103.0	6.4 	0.0 	6.89498651271	190 	50 	 158	294 	73 	  42
C030876A	1976/03/08	04:39:55.9	-10.87	 164.93	 29.7	6.1 	5.9 	6.0657713913	276 	39 	  73	117 	53 	 103
C031376A	1976/03/13	05:22:44.0	 -6.49	 154.55	 47.7	5.5 	6.1 	6.15763982257	325 	41 	 109	121 	51 	  74
C032476A	1976/03/24	04:46:04.4	-29.99	-177.51	 54.1	6.4 	6.8 	7.02499315301	206 	34 	 103	 11 	57 	  81
C032976A	1976/03/29	05:39:35.5	  3.87	 -85.80	 17.5	5.9 	6.5 	6.59971032548	200 	79 	 178	290 	88 	  11
C040676A	1976/04/06	13:49:10.8	 -3.72	 152.17	 15.0	5.8 	6.4 	6.35157723773	308 	81 	  -5	 39 	85 	-171
C040876A	1976/04/08	02:40:27.0	 40.41	  63.65	 15.0	6.5 	7.0 	6.6404652269	290 	46 	 108	 84 	47 	  72
C040876B	1976/04/08	02:59:05.5	 41.48	  63.54	 42.9	6.2 	0.0 	6.10028000154	 96 	31 	 130	232 	66 	  69
C040976A	1976/04/09	07:08:47.0	  0.79	 -79.89	 19.4	6.1 	6.7 	6.63099677622	 32 	22 	 136	164 	75 	  74
C041076A	1976/04/10	04:24:59.4	 -6.50	 154.63	 40.6	6.0 	0.0 	5.32423988712	199 	49 	 -32	311 	67 	-134
C041476A	1976/04/14	15:26:16.8	-52.10	 139.46	 15.0	5.4 	6.2 	6.03075202379	180 	89 	   0	 90 	90 	 179
C042276A	1976/04/22	17:03:07.9	 28.49	  52.08	 15.0	6.0 	5.5 	5.6423207236	141 	41 	  98	310 	49 	  83
C042976A	1976/04/29	06:32:49.0	-28.06	-176.35	 15.0	5.3 	6.1 	6.14952163687	182 	26 	  75	 18 	65 	  97
C050476A	1976/05/04	13:56:29.9	-44.75	 167.63	 15.0	6.0 	6.6 	6.53394204516	 57 	18 	 136	189 	77 	  77
C050576A	1976/05/05	04:52:51.0	-29.84	-177.43	 41.8	6.2 	6.8 	7.02830968016	211 	34 	 105	 13 	57 	  80
C050676A	1976/05/06	20:00:11.6	 46.33	  13.17	 15.0	6.0 	6.5 	6.46760247334	284 	18 	 119	 74 	74 	  81
C051176A	1976/05/11	11:29:06.2	-51.73	 139.71	 15.0	5.6 	6.1 	5.89926784065	271 	73 	-167	177 	77 	 -17
B051176B	1976/05/11	15:50:41.6	-51.67	 140.13	 15.0	5.8 	6.6 	6.34814268198	358 	76 	  11	266 	79 	 166
C051176C	1976/05/11	16:59:48.2	 36.99	  20.13	 15.1	5.8 	6.4 	6.41998285713	339 	14 	 110	139 	77 	  85
C051576A	1976/05/15	21:55:58.5	-11.72	 -74.26	 25.5	6.0 	6.6 	6.74498929614	153 	15 	  77	347 	76 	  93
C051776A	1976/05/17	02:58:40.6	 40.42	  63.46	 15.0	6.3 	7.0 	6.69741869045	225 	36 	  85	 51 	54 	  93
C051876A	1976/05/18	06:04:47.0	-60.73	 153.75	 25.8	5.3 	6.2 	6.36032095798	158 	76 	  -2	248 	88 	-166
C052976A	1976/05/29	12:23:18.7	 24.39	  98.65	 15.0	6.1 	6.9 	6.65757322045	323 	80 	-172	232 	82 	 -10
B052976B	1976/05/29	14:00:18.5	 24.29	  98.58	 15.0	6.0 	7.0 	6.63281201511	242 	88 	   0	152 	90 	 178
C053076A	1976/05/30	03:08:54.2	-42.06	 -75.94	 15.0	6.0 	5.9 	6.08696594759	187 	44 	-101	 23 	47 	 -79
C053176A	1976/05/31	05:08:28.5	 24.26	  98.60	 15.0	5.5 	6.2 	6.07479173627	342 	72 	-169	249 	80 	 -18
C060376A	1976/06/03	16:44:38.8	 -4.75	 153.47	 85.9	6.2 	0.0 	7.12260238618	143 	31 	  83	331 	59 	  94
C060576A	1976/06/05	08:20:07.2	-10.15	 160.93	 47.4	6.2 	0.0 	6.25997231962	148 	44 	 113	298 	50 	  69
C060776A	1976/06/07	07:36:55.4	 14.23	 125.07	 24.4	6.1 	6.4 	6.54779098366	249 	67 	 180	339 	90 	  23
C060776B	1976/06/07	14:26:39.1	 17.22	-100.91	 29.0	6.1 	6.4 	6.42159583988	289 	18 	  83	116 	72 	  92
C061576A	1976/06/15	06:09:01.8	  0.54	 134.84	 20.2	6.0 	6.3 	6.44821447115	 86 	87 	  -1	176 	89 	-177
B061776A	1976/06/17	14:28:49.2	 46.05	  12.50	 45.5	6.1 	0.0 	5.16709749012	 58 	55 	  37	305 	60 	 139
C061976A	1976/06/19	15:00:46.7	-17.58	  65.59	 16.2	5.6 	6.1 	6.37454179036	 59 	86 	   2	329 	88 	 176
C062076A	1976/06/20	20:53:13.4	  3.18	  96.24	 19.1	6.3 	7.0 	6.96681890204	338 	28 	  99	147 	62 	  85